标定完成!RMS误差:4.52748
开始评价标定结果………………
	每幅图像的标定误差:
第1幅图像的平均误差：1.13458像素
第2幅图像的平均误差：0.276366像素
第3幅图像的平均误差：0.517067像素
第4幅图像的平均误差：0.290083像素
第5幅图像的平均误差：0.613575像素
总体平均误差：0.566335像素
评价完成！
相机内参数矩阵：
[3501.15908316611, 0, 1597.306021062294;
 0, 3503.04447944189, 1968.175720259476;
 0, 0, 1]

畸变系数：
[0.03705473413097733, -1.077158030485106, 0.004413501091034553, 0.01142635314805166, 1.747158961757892]

第1幅图像的旋转向量：
[2.134825228100103;
 2.045848717141117;
 0.3924691197877209]
第1幅图像的旋转矩阵：
[0.03063455624341715, 0.9548123441527258, 0.2956263036628263;
 0.9964280525352468, -0.05245885912217541, 0.06617555606426882;
 0.07869345642799223, 0.2925430832427532, -0.9530088584909582]
第1幅图像的平移向量：
[-41.3555290532982;
 -52.38581153482333;
 108.0292836722272]

第2幅图像的旋转向量：
[-0.02215169585359348;
 -3.061830103081482;
 0.3905794630681923]
第2幅图像的旋转矩阵：
[-0.9983920037398296, 0.00728672274371838, -0.05621663935192353;
 0.02116616553936539, 0.9678987601693957, -0.2504475663665054;
 0.05258707355166516, -0.251234738311009, -0.9664966145626536]
第2幅图像的平移向量：
[20.89497576401873;
 -34.0183978426124;
 145.1168487750278]

第3幅图像的旋转向量：
[-2.808731614288372;
 -0.003482853323035297;
 0.1214544436609941]
第3幅图像的旋转矩阵：
[0.9963651483498266, -0.01160015229387704, -0.08439151391334891;
 0.01641717076167955, -0.9459634538979774, 0.3238574075014978;
 -0.08358808322966831, -0.3240657037641722, -0.9423345753955025]
第3幅图像的平移向量：
[-37.26795032346664;
 48.61207150838732;
 143.1761826324138]

第4幅图像的旋转向量：
[0.00763994189532439;
 -3.104028819710293;
 -0.04097136949232541]
第4幅图像的旋转矩阵：
[-0.9992929209059092, -0.004428030459595568, -0.03733698934816945;
 -0.005411969042727253, 0.9996396250817652, 0.02629316560379431;
 0.03720710709551318, 0.02647664088657933, -0.9989567651650126]
第4幅图像的平移向量：
[20.62633409178703;
 -31.50152548358305;
 137.2486651127377]

第5幅图像的旋转向量：
[2.095082742274477;
 2.061363204912352;
 0.2128731207821235]
第5幅图像的旋转矩阵：
[0.02026953255883679, 0.9712705465958993, 0.2371132036921386;
 0.9992290092332237, -0.01170427751876946, -0.0374752851163814;
 -0.03362340191944758, 0.2376899981132294, -0.9707589462066761]
第5幅图像的平移向量：
[-28.74927338337493;
 -29.54726165176498;
 114.3932428817257]

